3.7867166710342026
3.786465328623128
3.786142732281157
3.785671624912131
3.785045299640879
3.7843103626519565
3.78340847400872
3.7823754820072972
3.7812092456307282
3.7799012563346603
3.7784734946148295
3.7767395559188155
3.774944268620616
3.7732333729173257
3.771335281684932
3.7693216655522126
3.7672238860058025
3.764852886143446
3.762460094662624
3.7601495434930055
3.7576404454249666
3.7551052051273706
3.7524565389584117
3.749759006581318
3.7469796251221865
3.7441354772900444
3.7412392701242156
3.738258449001087
3.735240712398739
3.732153073491089
3.7290290256965077
3.725836682608349
3.7226206475207153
3.719342540306148
3.71604727411324
3.712515341642059
3.709038453601809
3.70566432452052
3.7021885916975465
3.6985518703323894
3.694935210363181
3.691481866834501
3.6878701883017495
3.684133170082327
3.680418689271993
3.676689027567019
3.6729430998280086
3.6691806730678294
3.6654023968190623
3.6616055305340613
3.657795672994917
3.6539706445882825
3.6501311469536515
3.646277833598634
3.6424124628096113
3.6385358889073194
3.634648606484036
3.630750206603395
3.6268412450621703
3.6229302469678997
3.6190134398493874
3.615092872809561
3.6111684068327796
3.607239978529025
3.6033079503345107
3.599372948802333
3.5954354350921927
3.591495719676191
3.5875539076921816
3.5836105463849885
3.579665579325518
3.5757193617785443
3.57177197830964
3.5678235481003244
3.5638741337641524
3.559923864338506
3.555972236003735
3.5520195544805655
3.548065443322276
3.544110162517473
3.5401534824804797
3.5361953921458835
3.532235469901224
3.5282737654582723
3.524309915090986
3.520343816466054
3.5163749177549297
3.5124032966514243
3.5084285443173444
3.504450047475078
3.5004680340462966
3.4964823621845498
3.492492708075586
3.488498859108303
3.4845004773433406
3.480497373053678
3.4764893797125396
3.4724761169806886
3.4684573367161047
3.464432763626146
3.4604022433851704
3.456365459596242
3.4523222744750366
3.448272398836401
3.4442157033589953
3.440151965241864
3.436081009127156
3.4320024948702743
3.4279164319497792
3.4238225666119093
3.4197208751969512
3.4156111520230743
3.411493415963762
3.407367473286515
3.4032333643114123
3.3990909429002234
3.394940235673418
3.39078116869253
3.3866137829946994
3.3824379988920734
3.3782538925494316
3.374061431896329
3.3698606934956215
3.36565166792351
3.3614344648262984
3.357209080833828
3.3529756540041498
3.348734185100469
3.3444848484037446
3.340227643015414
3.3359627659292865
3.331690280472502
3.3274103408585893
3.3231231375200165
3.3188286897670785
3.314527104295701
3.310218523821517
3.305902676110471
3.301580103601048
3.297250543966891
3.2929145553852095
3.288571860440064
3.284223035866286
3.279867809445418
3.2755067303436074
3.271140037594536
3.266767758657346
3.262390049150718
3.2580069455531837
3.253618727053879
3.249225432981478
3.244827199758737
3.2404241720530895
3.2360166509431973
3.231604536445249
3.2271879733806585
3.2227671645854743
3.218342315046017
3.213913618525068
3.209481146378477
3.2050447924084025
3.2006046678429882
3.19616117585802
3.191714289478815
3.1872642425104862
3.182810947654022
3.1783547111511132
3.173895551354407
3.169433640171247
3.1649691257976467
3.160502077831585
3.1560327195111486
3.1515610545801187
3.1470873885509163
3.1426118424567266
3.1381345798185163
3.1336557319658254
3.129175482733417
3.1246939112436274
3.12021122325673
3.115727558579467
3.111243005649965
3.10675780906376
3.102272033457705
3.0977859663423364
3.093299718751382
3.088813570248846
3.0843278528114655
3.079842601855842
3.0753579371610194
3.0708741195268887
3.06639126418722
3.0619096860388364
3.057429523135111
3.0529509110828164
3.0484742337183266
3.043999684748698
3.039527413688809
3.0350576391686483
3.0305906108456084
3.0261265067741006
3.0216655285283918
3.0172079538060217
3.0127540971135933
3.0083042067373493
3.0038579895830773
2.999416169199636
2.9949788774662824
2.990546536881316
2.986119327546413
2.981697582309248
2.9772813846169166
2.9728709857579223
2.9684666081923816
2.9640685628169767
2.959677097155616
2.9552924625086514
2.950914860669407
2.94654477503571
2.9421822172333503
2.937827498123226
2.9334807106232117
2.9291423312624985
2.924811723396546
2.9204901293788086
2.916177666486368
2.9118747060562584
2.9075813857077772
2.9032980768614562
2.89902518830964
2.894762864068268
2.8905111854688843
2.8862701189561912
2.88204006843142
2.8778209311393907
2.8736129372021035
2.8694162172194337
2.865230901141267
2.861056966274158
2.856894777809891
2.852744461529581
2.848606062355746
2.8444797818945373
2.8403656101625345
2.8362635699643124
2.8321736686797876
2.828095833593039
2.8240300327179457
2.8199761268524073
2.8159339976112627